Family	Species	Ecology	ScL	ScW	ScAL	HuL	HuAPD	HuMLD	HuPCL	HuHTL	HuEB	RaL	RaAPD	RaMLD	UlL	UlAPD	UlMLD	UlOL	MC3L	fph3p	fph3m	fph3t	InnomL	InnomIL	FeL	FeAPD	FeMLD	FeGTH	FeHD	FeB	TiL	TiAPD	TiMLD	TiSL	FiL	MT3L	rph3p	rph3m	rph3t	SMI	BI	HRI	HEI	OLI	URI	MANUS	CLAW	CI	FRI	GI	FEI	TRI	TSI	PES	IM
Ailuridae	Ailurus fulgens	arboreal	63.43	47.36	12.47	112.82	9.55	7.37	50.35	16.55	25.96	87.84	4.78	6.73	107.68	8.03	4.18	12.65	28.63	20.48	13.7	11.7	89.03	53.6	124.09	68.71	131.49	14.71	18.06	14.22	135.73	7.89	6.01	35.81	103.15	36.57	20.28	13.06	13.24	0.4463	0.7792	0.0653	0.2301	0.04395	0.1331	0.716	0.8864	0.936	0.0614	0.1819	0.1766	0.0536	0.3195	0.3052	0.8693
Canidae	Alopex lagopus	generalist	66.54	36.03	7.05	106.47	8.39	6.69	44.08	11.51	17.59	101.89	4.16	5.71	119.03	4.95	4.24	12.4	42.31	17.96	10.09		75.29	44.39	106.87	6.97	7.57	23.09	10.76	18.63	123.27	7.52	6.74	20.86	117.23	52.76	20	15.94		0.414	0.957	0.0628	0.1652	0.03976	0.1172	0.4243		1.1541	0.0652	0.2151	0.1749	0.0547	0.1703	0.494	0.906
Canidae	Atelocynus microtis	generalist	70.99	53.95	9.14	116.01	11.93	9.1	52.55	16.78	26.45	107.78	5.93	8.73	131.98	6.37	8.22	17.44	46.93	17.61			111.97	61.58	139.49	8.53	10.75	27.37	14.14	22.96	125.82	9.65	9.44	33.05	120.53	55.22	18.75	12.73		0.453	0.9291	0.0784	0.228	0.07177	0.1523	0.3752		0.902	0.0612	0.1962	0.1646	0.075	0.2627	0.3959	0.8435
Canidae	Canis adustus	cursorial	86.6	41.06	13.02	127.84	8.72	8.52	45.03	15.4	22.66	135.86	5.64	9.22	155.56	5.46	4.74	18.64	57.42	17.63	10.84		95.22	51.25	138.58	8.5	8.82	24.79	12.91	22.78	146.68	8.99	9.02	34.3		63.5	21.3	14.35		0.3522	1.0627	0.0666	0.1773	0.03462	0.1361	0.307		1.0584	0.0613	0.1789	0.1644	0.0615	0.2338	0.4582	0.9244
Canidae	Canis latrans	cursorial	102.26	59.1	11.35	160.06	14.32	10.95	67.03	18.18	29.27	168.32	7.23	11.98	196.59	9.45	7.2	19.02	68.26	24.7	16.2	15.36	115.04	71.42	179.72	11.2	12.1	30.76	17.04	28.53	187.9	12	11.8	32.81	176.66	77.67	25.86	19	16.78	0.4188	1.052	0.0684	0.183	0.04057	0.1069	0.3611	0.9154	1.0457	0.0622	0.1701	0.1587	0.0628	0.1739	0.4336	0.8928
Canidae	Canis lupus	cursorial	144.2	81.23	16.66	212.12	20.52	15.77	92.11	29.08	43.05	210.94	10.44	16.76	248.38	14.69	10.96	32.15	89.29	34.57	21.53	20.91	165.77	101.18	229.54	16.48	16.44	49.34	24.37	41.04	233.71	16.93	16.04	45.09	205.3	98.57	36.12	22.85	20.71	0.4343	0.9977	0.0749	0.2029	0.05068	0.1477	0.3883	1.0134	1.0181	0.0718	0.2138	0.1785	0.0689	0.1939	0.4283	0.9128
Canidae	Canis mesomelas	cursorial	92.01	49.87	9.37	138.95	11.69	9.4	54.35	16.9	24.85	142.68	6.31	10.07	165.53	6.7	5.4	19	58.51	20.14			101.48	59.71	147.79	9.86	9.46	26.26	13.7	23.11	156.35	9.77	9.65	31.91	149.11	65.04	21.41			0.3911	1.0268	0.0676	0.1789	0.03682	0.1294	0.3426		1.058	0.0667	0.1762	0.1562	0.0618	0.2037	0.4402	0.9261
Canidae	Cerdocyon thous	generalist	71.38	42.51	9.26	105.34	8.81	7.65	43.91	13.41	19.94	98.48	4.7	7.69	118.8	6.78	5.63	15.59	45.12	15.01	11.69	12.73	89.91	53.42	119.98	7.87	8.75	23.84	10.85	20.49	120.25	8	8.47	26.81	115.51	53.27	16.11	11.85	13.08	0.4168	0.9364	0.073	0.1896	0.05455	0.1514	0.3329	0.9732	1.0039	0.0657	0.2011	0.1714	0.0705	0.2227	0.4453	0.8495
Canidae	Chrysocyon brachyurus	generalist	161.36	96.08	23.09	253.65	18.63	15.83	103.67	26.5	42.35	264.86	11.63	17.02	300.01	11.16	11.89	29.91	112.1	29.54	19.69	21.2	170.4	96.18	270.4	15.53	16.68	41.22	23.19	38.56	295.17	15.1	16.08	65.82	274.85	128.72	32.94	22.22	20.71	0.4087	1.0451	0.0624	0.167	0.04401	0.1109	0.2644	1.0219	1.0923	0.0575	0.1535	0.1428	0.0544	0.223	0.482	0.917
Canidae	Cuon alpinus	cursorial				150.52	13.84	11.33	57.29	19.66	30.36	141.43	8.58	11.9	175.23	14.83	7.76	29.45	71.48	35.51					168.63	11.37	12.41	40.41	17.59	30.79	162.38	12.75	12.48	46.68	150.34	82.12	35.97			0.3806	0.8601	0.0753	0.2017	0.05323	0.2027	0.4968		0.9629	0.0674	0.2396	0.1826	0.0769	0.2875	0.487	0.8458
Canidae	Lycalopex gymnocerus	cursorial	67.5	38.52	11.31	107.59	8.16	6.79	44.62	11.46	17.66	101.09	3.89	6.95	118.72	8.66	3.53	15.65	39.56	17.2	13.36	11.79	74.07	44.59	116.64	7.29	7.48	30.98	10.54	18.61	124.59	7.38	6.81	21.62	118.01	52.61	17.77	14.06	12.97	0.4147	0.9397	0.0631	0.1641	0.0342	0.1517	0.4355	0.9093	1.0672	0.0624	0.2669	0.1593	0.0546	0.1735	0.4507	0.8653
Canidae	Lycalopex sp.	cursorial	55.63	35.29	5.95	94.33	9.13	7.58	32.65	12.37	17.42	90.1	4.3	7.28	105.93	6.07	3.88	8.91	37.92	14.72	11.38	10.57	71.25	43.74	106.24	7.48	7.31	16.91	10.13	17.96	114.36	7.81	7.77	23.74	105.78	45.78	16.1	11.71	11.18	0.3461	0.9552	0.0804	0.1847	0.03999	0.0918	0.3882	0.9454	1.0764	0.0704	0.1592	0.1691	0.0679	0.2076	0.4309	0.836
Canidae	Lycaon pictus	cursorial				189.77	19.18	13.57	70.85	23.57	35.71	199.08	9.69	16.04	234.09	10.53	7.84	36.99	78.97	27.72	16.63		144.08	74.18	209.71	13.93	14.09	48.12	20.4	33.6	215.09	14.9	15.6	47.48	200.56	88.72	32.18	19.21		0.3733	1.0497	0.0714	0.1881	0.03975	0.1877	0.3491		1.0252	0.0662	0.2294	0.1598	0.0727	0.2193	0.4234	0.9151
Canidae	Nyctereutes procyonoides	generalist	67.91	35	10.8	83.9	8.51	6.95	41.98	12.66	20.25	73.33	4.56	5.7	88.74	6.15	4.45	13.58	35.77	14.09	10.43	11.49	84.46	49.49	92.83	6.87	7.83	24.52	10.7	19.2	95.26	6.54	7.62	30.28	87.21	41.88	15.35	9.65	10.7	0.5003	0.8741	0.0828	0.2414	0.05921	0.1806	0.3934	1.0682	1.0264	0.074	0.2639	0.2068	0.0801	0.3177	0.4515	0.8362
Canidae	Otocyon megalotis	cursorial	68.28	34.46	10.15	103.64	8.01	6.45	40.6	11.26	16.79	106.84	4.18	6.63	122.99	5.55	4.26	15.08	43.74	15.92			82.06	48.65	115.41	6.56	7.11	21.95	10.29	18.36	123.85	7.42	7.34	26.95	117.08	55.37	17.67			0.3917	1.0231	0.0623	0.1623	0.03945	0.1378	0.3646		1.0733	0.0568	0.1907	0.1591	0.0592	0.2177	0.4799	0.8808
Canidae	Speothos venaticus	generalist	73.52	43.69	10.62	100.37	8.55	8.22	52.67	14.78	24.11	79.77	5.56	7.02	102.57	8.41	5.26	20.33	35.91	18.11	11.91	16.43	95.82	53.64	105.28	8.01	8.04	26.75	12.12	21.7	95.34	8.17	7.53	28.83	84.21	39.05	17.36	11.83	12.48	0.5248	0.7941	0.0819	0.2409	0.06399	0.2484	0.5045	1.3394	0.9058	0.0761	0.2538	0.2067	0.0791	0.3021	0.3717	0.8978
Canidae	Urocyon cinereoargenteus	generalist	59.78	36.65	5.25	98.95	8.58	6.57	42.58	10.6	17.94	87.05	4.2	5.97	104.63	5.73	3.94	10.15	33.04	21.15	12.48	10.65	73.74	44.26	108.62	6.69	7.76	11.35	9.75	18.69	114.51	7.78	6.88	20.46	110.26	50.83	19.34	12.48	10.42	0.4303	0.8797	0.0664	0.1813	0.04172	0.1072	0.4637	1.0211	1.0543	0.0616	0.1049	0.1721	0.0601	0.1784	0.4683	0.8337
Canidae	Urocyon littoralis	generalist	48.07	30.27	4.11	75.87	6.47	5.51	29.12	10.38	14.06	66.2	3.51	4.99	80.83	4.81	3.22	7.29	29.27	12.54	8.37	8.7	58.79	36.62	83.99	5.34	6.87	9.77	8.29	15.34	88.6	6.26	6.26	16.11	83.54	39.09	14.3	9.72	9.65	0.3838	0.874	0.0728	0.1859	0.04382	0.0988	0.4426	0.9006	1.0542	0.0635	0.1158	0.1826	0.0707	0.1821	0.4727	0.823
Canidae	Vulpes macrotis	cursorial	53.55	28.64	5.76	90.3	6.35	5.35	33.22	9.81	14.22	87.04	4.27	4.74	101.46	4.9	3.05	10.77	35.52	16.35	12.21	13.06	60.03	34.57	94.66	5.58	6.2	11.84	8.28	14.5	107.47	6.23	5.86	16.71	99.54	48.71	17.59	13.28	10.71	0.3679	0.9477	0.0581	0.1573	0.03365	0.1186	0.4608	1.1565	1.1356	0.059	0.124	0.1533	0.0545	0.1548	0.518	0.8844
Canidae	Vulpes vulpes	cursorial	74.78	45.92	6.19	126.89	10.48	7.87	47.79	14.42	21.55	123.7	4.96	8.47	144.82	5.51	5.33	12.05	52.07	20.84	17.53	14.63	83.42	51.43	134.16	7.74	9.14	15.48	12.03	21.08	147.56	9.36	8.23	24.02	139.64	67.74	24.91	19.17	15.6	0.3766	0.9752	0.062	0.1698	0.04015	0.0907	0.3999	0.9408	1.1002	0.0577	0.1153	0.1572	0.0557	0.1627	0.505	0.8895
Canidae	Vulpes zerda	cursorial	41.71	24.24	6.09	70.7	4.87	4.36	25.3	8.96	11.26	65.9	3.61	3.34	77.66	3.03	2.11	9.93	25.24	13.53	9.88	8.55	48.44	29.54	73.31	4.28	4.92	8.56	6.18	11.76	89.03	4.91	4.37	15.39	85.39	37.83	14.78	10.7	10.89	0.3578	0.9322	0.0617	0.1592	0.03108	0.1466	0.5352	0.7861	1.2144	0.0583	0.1167	0.1604	0.0491	0.1729	0.516	0.8415
Eupleridae	Cryptoprocta ferox	arboreal	85.38	50.42	12.63	128.87	15.05	10.99	58.53	21.77	34.88	93.68	5.33	8.52	120.53	13.72	5.6	21.32	32.35	20.3	14.2	13.59	112.21	54.99	150.7	11.32	12.23	49.1	16.54	29.95	137.81	12.77	8.98	45.16	126.64	46.34	21.61	14.88	12.7	0.4542	0.7269	0.0853	0.2707	0.05645	0.2149	0.6275	1.0701	0.9145	0.0751	0.3258	0.1987	0.0652	0.3277	0.3075	0.7714
Eupleridae	Fossa fossana	generalist	55.99	30.33	6.42	77.02	6.29	5.33	27.67	9.52	14.72	75.75	3.79	3.97	87.98	6.22	3.49	11.04	24.83	8.46	6.56	6.2	69.19	38.63	87.95	6.22	7.17	19.17	7.64	16.71	95.64	6.51	5.16	23.2	95.36	36.13	10.42	5.42	4.51	0.3592	0.9832	0.0691	0.191	0.04536	0.1436	0.3407	1.3747	1.087	0.0705	0.2175	0.1902	0.054	0.2427	0.4265	0.8321
Eupleridae	Galidia elegans	scansorial	35.01	19.73	4.6	49.53	4.04	3.33	19.72	7.41	10.8	45.11	2.35	2.29	55.14	3.53	1.99	7.45	12.9	5.35	4.05	6.59	46.79	24.7	56.99	3.81	5.03	14.29	5.7	10.63	57.51	4.6	3.6	17.8	55.55	13.25	5.68	3.24	4.73	0.3981	0.9108	0.0672	0.218	0.04173	0.1562	0.4147	1.3932	1.0091	0.0669	0.2507	0.1865	0.0626	0.3095	0.2325	0.8266
Eupleridae	Galidictis fasciata	generalist	38.03	17.78	5.29	49.42	4.32	3.33	21.58	6.24	9.06	44.28	2.38	2.24	56.1	3.2	1.83	6.77	15.83	8.7	5.87	6.18	49.23	26.72	57.37	4.18	5.24	12.74	6	10.05	59.93	4.19	3.56	22.02	58.58	25.37	10.98	7.45	8.46	0.4367	0.896	0.0674	0.1833	0.0371	0.1372	0.5496	0.7305	1.0446	0.0729	0.2221	0.1752	0.0594	0.3674	0.4422	0.7988
Felidae	Acinonyx jubatus	cursorial	155.17	98.63	9.9	244.51	24.56	16.95	141.81	31.61	41.1	239.65	10.83	17.69	278.53	11.51	7.73	29.18	88.22	33.38	22.21	25.92	199.55	101.31	269.23	19.07	18.29	36.3	24.13	46.83	271.95	21.69	19.15	86.3	258.69	113.01	40.83	25.88	28.47	0.58	0.9794	0.0693	0.1683	0.031	0.1164	0.3779	0.9108	1.0107	0.0704	0.1324	0.1748	0.0702	0.3226	0.4211	0.8948
Felidae	Caracal serval	generalist	110.1	69.86	8.82	169.7	13.17	10.81	77.47	20.82	29.31	172.6	6.58	9.91	196.06	10.34	6.46	16.8	66.33	18.35	13.75	12.31	133.81	75.81	191.59	10.41	13.11	31.4	15.54	27.59	197.95	14.23	14.21	40.55	187.24	88.74	22.82	13.35	14.45	0.4565	1.0171	0.0637	0.1727	0.03604	0.0937	0.2766	0.8519	1.0332	0.0543	0.1639	0.144	0.0718	0.2048	0.4632	0.8787
Felidae	Felis silvestris libyca	scansorial	73.67	45.56	6.24	114.26	8.78	7.21	54.46	13.91	19.44	114.64	3.93	6.63	132.24	6.87	3.97	11.77	39.74				83.85	49.23	128.6	7.94	8.47	18.27	9.95	19.97	135.21	9.19	7.33	33.24	126.07	63.59				0.4767	1.004	0.0631	0.17	0.03291	0.0977	0.507		1.0514	0.0618	0.1416	0.1553	0.0542	0.2459	0.5058	0.8679
Felidae	Leopardus wiedii	arboreal	68.03	41.4	9.22	108.16	8.68	7.39	34.37	14.59	21.6	92.93	3.67	6.23	110.04	7.95	3.93	13.55	33.8	17.61	11.24		86.29	47.24	121.35	7.74	8.53	19.91	10.77	19.18	119.11	7.65	7.01	25.1	112.91	46.92	15.35			0.3178	0.8591	0.0683	0.1997	0.04073	0.1409	0.5215		0.9815	0.0638	0.1641	0.158	0.0589	0.2116	0.3865	0.8362
Felidae	Lynx canadensis	generalist	98.71	59.72	8.05	165.71	13.69	10.5	72.36	20.32	30.29	162.88	5.15	9.2	167.46	10.79	6.93	16.85	66.05	38.68	27.83	16.26	123.37	69.48	202.88	11.87	12.56	27.03	15.24	27.11	207.77	13.33	11.09	39.22	197.74	92.36	43.49	30.33	18.65	0.4367	0.9905	0.0633	0.1828	0.04601	0.1262	0.5856	0.8801	1.0244	0.0585	0.1333	0.1336	0.0534	0.1888	0.4552	0.7971
Felidae	Lynx rufus	scansorial	87.73	53.02	8.74	137.77	11.69	9.76	59.3	18.16	25.44	128.27	4.92	8.22	151.67	10.09	5.44	16.15	47.82	21.96	15.93	15.43	107.49	58.21	157.93	9.64	11.67	18.47	12.99	24.59	158.52	11.95	9.78	38.49	147.39	66.47	24.57	18	15.71	0.4304	0.9321	0.0709	0.1848	0.04016	0.1191	0.4577	0.9825	1.0041	0.061	0.1157	0.1562	0.0618	0.2434	0.4252	0.841
Felidae	Neofelis nebulosa	arboreal	96.85	57.26	13.57	146.71	14.4	11.24	69.41	22.15	33.1	117.27	6.08	10.42	143.66	14.6	5.96	21.31	42.59	25.88	16.68	16.59	124.08	66.17	164.88	10.99	12.33	29.41	15.4	29.38	155.63	13.02	9.95	43.38	145.57	56.64	25.79	19.59	16.43	0.4731	0.8011	0.0763	0.2253	0.04871	0.1739	0.6078	1.062	0.9445	0.0663	0.1782	0.1783	0.0636	0.2765	0.344	0.8223
Felidae	Otocolobus manul	generalist	65.34	36.35	5.47	97.39	8.11	6.67	45.28	13.72	19.09	86.86	3.4	5.67	102.9	6.08		9.9	25.8	15.79	9.41	9.33	69.35	41.5	99.77	6.42	8	18.94	9.76	17.25	105.97	6.36	5.74	25.18	99.78	39.26	15.37	12.11	10.73	0.4649	0.8919	0.0685	0.196	0.0591	0.1065	0.612	0.8695	1.0621	0.0643	0.1898	0.1729	0.0542	0.2376	0.3935	0.8955
Felidae	Panthera leo	generalist	201.19	144.34	15.39	304.84	38.46	26.21	189.59	57.32	78.03	280.56	17.23	26.41	335.43	26.91	18.1	47.86	106.83	52.31	37.91		294.63	150.24	324.13	28.47	30.74	49.34	38.73	68.27	286.84	28.85	27.75	103.7	268.1	115.42	46.83	33.42		0.6235	0.9216	0.0859	0.2559	0.06294	0.1664	0.4897		0.8958	0.0879	0.152	0.2108	0.0967	0.3615	0.361	0.9581
Felidae	Panthera uncia	scansorial	142.4	92.55	12.14	207.98	23.59	18.07	143.62	34.2	49.83	181.85	11.03	16.94	226.36	17.98	11.29	29.28	72.43	35.66	27.28	25.25	179.1	97.44	231.57	17.65	19.39	47.12	24.92	44.94	231.03	22.85	16.38	65.77	213.94	88.66	40.07	29.38	25.35	0.6905	0.875	0.087	0.2399	0.0573	0.1486	0.4925	1.002	0.9984	0.0763	0.2029	0.1942	0.0709	0.2844	0.383	0.8428
Felidae	Pardofelis marmorata	arboreal	64.42	38.83	8.26	108.71	9.95	7.58	53.37	15.4	21.35	92.34	4.23	6.93	109.71	7.23	4.6	11.58	32.09	18.44	13.69	11.63	81.77	45.32	122.71	8.07	8.59	21.62	10.49	20.43	127.13	9.69	7.17	30.81	119.55	46.02	18.99	13.65	11.57	0.4909	0.8499	0.0697	0.1963	0.04683	0.1181	0.5724	1.0089	1.0374	0.0657	0.1761	0.1662	0.0562	0.2414	0.3758	0.8045
Felidae	Puma concolor	scansorial	139.52	89.43	13.05	220.32	25.27	19	96.82	34.41	51.24	183.47	10.49	20.16	221.96	19.16	11.22	28.06	72.47	34.48	25.14		211.53	106.29	269.25	18.93	19.22	37.29	24.62	45.27	237.62	22.11	17.67	90.16	191.88	98.06	39.07	28.61		0.4395	0.8349	0.0862	0.2326	0.05784	0.1445	0.5041		0.89	0.0711	0.1401	0.1699	0.0743	0.3643	0.3676	0.8101
Herpestidae	Atilax palundinosus	semiaquatic	57.01	35.62	5.94	82.07	7.36	6.03	36.12	12.48	18.35	73.11	4.53	4.68	91.21	6.07	3.62	12.2	29.97	13.45	6.93	7.72	84.76	46.53	90.23	7.03	8.85	22.06	9.4	17.46	95.65	6.9	6.41	27.75	89.43	40.25	15.5	7.85	8.52	0.4402	0.8912	0.0735	0.2237	0.04577	0.1542	0.4487	0.9061	1.0603	0.0779	0.2443	0.1936	0.0672	0.2905	0.4466	0.835
Herpestidae	Bdeogale crassicauda	generalist	40.11	22.39	2.68	58.53	5.49	4.52	27.04	9.05	12.63												54.92	30.16	64.25	4.64	6.12	10.16	6.96	11.66										0.462		0.0771	0.2157						0.0721	0.1582	0.1814				0.911
Herpestidae	Bdeogale jacksoni	generalist	56.61	33.89	7.83	77.59	6.1	6.58	40.38	12.8	17.96	66.57	4.6	5.24	86.3	6.16	4.52	13.95	28	10.11			79.13	44.5	85.68	6.35	7.78	18.59	9.46	17.85	87.13	6.58	6.66	27.59	84.5	38.67	11.73			0.5204	0.858	0.0848	0.2315	0.06247	0.1928	0.3611		1.0169	0.0741	0.217	0.2083	0.0764	0.3167	0.4513	0.8342
Herpestidae	Crossarchus obscurus	generalist	34.83	22.58	5.48	46.62	5.44	4.34	25.56	8.6	13.86	36.65	3.29	3.03	49.61	4.46	2.59	8.67	15.99	7.41	4.56	7.92	50.62	28.18	53.49	4.37	6.11	9.65	6.48	11.73	53.02	4.65	4.13	19.35	50.24	22.87	9.34	5.19	6.76	0.5482	0.7862	0.0931	0.2971	0.06314	0.213	0.4631	1.1719	0.9914	0.0817	0.1794	0.2189	0.0778	0.3649	0.427	0.7818
Herpestidae	Cynictis penicillata	generalist	37.45	21.65	1.72	54.55	4.47	3.51	17.82	6.72	10.53	47.7	2.15	2.47	56.71	3.37	1.74	5.93	19.64				48.61	26.94	57.72	3.83	5.22	5.1	5.53	10.16	63.91	4.12	4.46	18.36	59.85	29.97				0.3267	0.8744	0.0643	0.193	0.03427	0.1168			1.1072	0.0664	0.0884	0.176	0.0698	0.2873	0.5192	0.8407
Herpestidae	Gallerella pulverulenta	generalist	33.43	19.56	3.62	46.06	4.58	4.21	17.67	7.43	10.09	38.16	2.05	2.47	46.74	3.09	2.17	6.85	15.33	7.27	4.17				51.2	3.84	5.12	11.3	5.32	9.64	51.62	3.93	3.52	19.21	47.99	20.57	8.69	4.94		0.3836	0.8285	0.0914	0.2191	0.0544	0.1717	0.4742		1.0082	0.075	0.2207	0.1883	0.0682	0.3721	0.4018	0.8191
Herpestidae	Gallerella sanguinea	generalist	28.95	15.87	2.82	43.46	3.12	2.87	17.15	5.93	8.33	37.24	2.06	2.33	47.78	3.52	1.9	6.52	14.48	7.28	4.43	4.7	38.61	20.74	45.86	3.28	3.82	10.63	4.44	8.76	52.49	4.38	3.5	19.02	51.09	23	9.8	4.92	4.77	0.3946	0.7454	0.0659	0.1912	0.04605	0.158	0.5028	0.9853	1.0347	0.0714	0.2297	0.1908	0.0667	0.3624	0.4534	0.8982
Herpestidae	Herpestes brachyurus	generalist	47.68	26.89	5.95	67.7	5.28	5	31.11	9.98	14.72	62.44	3.31	3.38	77.48	4.54	2.92	10.56	25.15	10.55	6.81	8.03	57.14	34.34	72.08	5.29	6.01	14.94	7.79	14	72.88	5.32	5.41	22.25	68.64	32.42	11.86	7.08	7.64	0.4595	0.9228	0.0738	0.2171	0.04363	0.1585	0.4196	1.051	1.0117	0.0733	0.2069	0.1938	0.0741	0.3055	0.4489	0.8985
Herpestidae	Herpestes ichneumon	generalist	48.54	28.44	4.12	72.73	5.53	5.67	26.55	10.42	14.82	66.59	3.7	3.85	81.37	4.24	2.93	9.75	26.99	11.31	5.76	7.72	61.57	34.54	78.61	5.76	6.73	12.73	7.64	12.98	78.88	5.75	4.95	23.98	72.22	34.95	12.94	6.96	6.53	0.365	0.9156	0.078	0.2038	0.04091	0.1361	0.419	1.1822	1.0034	0.0733	0.1619	0.1651	0.0628	0.304	0.4446	0.8846
Herpestidae	Ichneumia albicauda	generalist	71.06	40.42	5.62	102.05	9.63	7.54	43.4	13.96	19.76	98.71	5.21	6.95	117.27	5.36	4.84	12.75	43.79	14.55	9.02	11.31	82.17	46.43	112.61	7.78	9.62	12.94	11.51	20.07	119.62	9.49	8.61	49.52	115.76	52.56	16.06	9.44		0.4253	0.9569	0.0739	0.1967	0.04631	0.1252	0.3424		1.0689	0.07	0.1158	0.181	0.0723	0.4027	0.4718	0.8548
Herpestidae	Mungos mungo	generalist	47.36	24.31	4.67	62.17	6.23	5.55	30.09	10.12	14.68	53.92	3.32	3.13	68.83	4.5	2.73	10.3	20.29	9.34	12.52	11.74	66.48	35.78	72.65	6.05	6.69	15.33	8.23	14.79	74.44	6.47	5.48	28.19	69.54	31.7	10.33	7.35	10.6	0.484	0.8734	0.0892	0.2362	0.0467	0.1763	0.4606	1.2319	1.03	0.0832	0.2104	0.2036	0.0734	0.3767	0.4444	0.767
Herpestidae	Suricata suricatta	semifossorial	41.44	19.69	6.07	56.41	5.33	3.68	33.13	8.06	11.8	51.05	2.66	3.11	63.96	3.61	2.11	8.68	18.77	7.94	5.88	12.3	52.88	29.02	58.49	4.54	5.62	12.93	6.57	11.08	62.87	4.71	4.13	22.31	60.04	26.81	9	5.59	8.35	0.5873	0.9056	0.0652	0.2093	0.03808	0.1571	0.423	1.4731	1.075	0.0776	0.2211	0.1895	0.0657	0.3547	0.4583	0.8854
Hyaenidae	Crocuta crocuta	cursorial	173.17	94.96	23.55	214.78	25.72	17.94	108.85	37.19	49.34	228.09	12.43	18.47	261.95	22.54	13.4	37.95	67.52	31.18	21.75	22.13	177.48	104.11	237.75	17.01	20.25	50.14	26.23	44.1	199.29	20.46	15.87	67.4	186.5	88.02	32.15	20.4	20.53	0.5068	1.0627	0.0834	0.2299	0.0598	0.1692	0.3313	1.149	0.841	0.0711	0.2127	0.185	0.0795	0.3364	0.3776	1.0139
Hyaenidae	Hyaena brunnea	cursorial	164.23	102.15	18.14	198.33	24.5	15.96	116.81	36.62	48.98	218.6	13.15	18.3	250.14	16.43	12.85	28.63	82.19	29.87	18.07	19.73	153.8	94.65	221.69	14.66	17.23	35.46	24.16	39.48	181.2	17.41	14.33	46.28	117.73	81.05	29.04	42.63	22.47	0.589	1.1021	0.08	0.2471	0.058	0.1309	0.3642	1.0652	0.8175	0.0662	0.1611	0.1781	0.0793	0.2559	0.3656	1.0349
Hyaenidae	Hyaena hyaena	cursorial	158.93	86.14	17.14	198.74	22.68	15.38	99.98	32.41	42.33	222.72	11.52	16.51	248.47	21.41	11.59	34.81	78.9	29.31			141.26	88.58	211.44	13.53	15.37	53.02	22.48	36.07	187.44	16.59	12.91	74.01	176.78	84.67	31.04	17.86		0.5031	1.1207	0.0774	0.213	0.05425	0.1629	0.3715		0.8865	0.064	0.2508	0.1706	0.0689	0.3948	0.4004	1.0566
Hyaenidae	Proteles cristatus	generalist	83.2	44.36	8.18	120.47	13.4	9.21	47.51	18.81	25.42	129.92	6.47	9.73	147.27	7.12	6.13	14.09	59.58	18.55	11.8		90.41	55.89	126.56	8.64	9.87	14.07	13.15	22.3	128.84	9.64	9.3	33.24	122.75	57.39	17.19	11.74		0.3944	1.0786	0.0765	0.2112	0.046	0.1057	0.3225		1.0183	0.0684	0.1108	0.1763	0.0723	0.258	0.4535	0.9809
Mephitidae	Conepatus mesoleucus	semifossorial	45.68	24.86	5.09	61.06	17.52	7.08	28.57	10.16	21.28	49.9	4.59	4.42	64.36	5.95	3.33	12.49	16.89	7.97	7.66		62.14	37.81	71.46	5.69	7	15.18	10.81	15.67	72.07	6.45	5.08	16.04	66.48	19.98	8.68	7.1		0.4678	0.8175	0.1157	0.3482	0.06415	0.241	0.4731		1.0085	0.0796	0.212	0.2191	0.0705	0.222	0.2812	0.773
Mephitidae	Mephitis macroura vittata	semifossorial	30.41	18.89	5.78	45.05	5.07	3.6	17.3	3.48	9.02	38.87	1.9	2.97	48.29	2.62	2.17	6.05	12.44	5.8			39.5	26.31	50.7	3.32	3.43	5.59	6.24	9.68	55.01	3.5	2.54	14.8	50.5	16.7	5.55			0.384	0.8628	0.0799	0.2002	0.05137	0.1432	0.4662		1.085	0.0655	0.1103	0.1909	0.0462	0.269	0.3294	0.7939
Mephitidae	Mephitis mephitis	semifossorial	43.35	24.65	5.52	56.95	8.39	4.96	35.44	10.92	17.14	46.53	3.1	3.97	59.09	4.38	3.14	8.4	15.54	7.56	6.38	9.97	55.72	36.56	64.47	5.5	6.29	16.92	9.65	14.46	66.59	5.9	3.88	28.31	60.61	20.49	7.31	6.43	8.61	0.6223	0.818	0.0877	0.3003	0.06185	0.1642	0.4849	1.2146	1.0388	0.0865	0.259	0.2249	0.0587	0.4393	0.3025	0.7904
Mephitidae	Spilogale gracilis	semifossorial	25.89	13.58	3.87	33.29	3.66	2.93	15.67	5.82	9.48	27.9	1.63	2.21	25.12	2.52	1.52	4.34	9.97	5.25	4.66		30.14	18.35	37.81	2.75	3.12	9.27	4.93	7.8	39.78	2.88	2.35	12.51	36.34	11.43	5.68	4.11		0.4706	0.8381	0.0881	0.2856	0.07298	0.15	0.5284		1.0528	0.0729	0.2444	0.2067	0.0592	0.3133	0.3088	0.7887
Mephitidae	Spilogale putorius	semifossorial	27.78	16.4	4.49	38.49	4.49	3.63	16.55	4.62	10.56	30.46	2.11	3.02	38.67	2.82	2.14	4.96	10.16	5.64	4.73		37.07	21.66	42.94	3.49	3.92	9.77	5.74	9.12	42.26	3.37	2.88	12.91	40.23	13.11	5.62	4.45		0.43	0.7912	0.0942	0.2743	0.06332	0.1473	0.5544		0.9841	0.0813	0.2274	0.2124	0.0682	0.3054	0.3052	0.8093
Mustelidae	Aonyx cinereus	semiaquatic	48.03	28.04	6.46	65.77	6.61	5.15	34.16	10.74	16.9	53.78	3.61	3.52	67.16	5.2	3.05	9.16	22.42	13.73	8.34	3.92	70.91	37.55	68.03	5.7	6.7	14.01	8.81	16.66	74.42	6.43	4.66	33.75	66.59	27.71	14.9	8.59	3.94	0.5194	0.8186	0.0783	0.2572	0.05265	0.1579	0.614	1.0021	1.0951	0.0838	0.2063	0.245	0.0627	0.4541	0.4071	0.8395
Mustelidae	Arctonyx collaris	semifossorial	68.35	43.51	11.59	88.79	10.16	8.22	58.55	19.07	29.53	73.93	5.68	6.23	102.5	10.19	4.64	23.3	23.42	12.78	10.54	17.87	92.48	50.28	103.2	7.68	9.13	23.66	13.23	22.4	86.74	8.35	6.55	45.56	81.83	26.79	11.62	9.15	12.64	0.6595	0.8324	0.0926	0.3327	0.05859	0.2948	0.5408	1.4138	0.8393	0.0744	0.2294	0.2174	0.0758	0.5252	0.2595	0.8578
Mustelidae	Eira barbara	arboreal	64.19	40.21	9.98	100.22	9.71	8.14	46.72	17.39	24.17	76.69	5.31	5.75	96	7.7	4.47	13.33	28.84	14.79	11.41	13.75	89.72	49.52	112.92	8.05	8.5	23.02	11.91	21.75	101.4	8.68	6.71	38.65	97.59	34.29	15.38	12.77	13.43	0.4662	0.7652	0.081	0.2407	0.05402	0.1612	0.5093	1.0283	0.8987	0.0711	0.2036	0.1924	0.0661	0.3813	0.3052	0.8255
Mustelidae	Enhydra lutris	semiaquatic	99.46	62.42	7.72	108.19	18.02	10.22	66.7	21.09	31.69	81.04	6.68	7.98	103.72	10.44	5.47	14.77	22.57	12.96	10.07	8.1	147.59	75	103.94	12.83	16.44	27.58	18.15	32.69	134.88	12.15	9.83	79.28	110.71	65.55	41.15	26.42	7.82	0.6165	0.77	0.0961	0.3008	0.06154	0.1658	0.5904	1.2711	1.2881	0.1233	0.2649	0.3145	0.073	0.5939	0.6242	0.8034
Mustelidae	Galictis cuja	generalist	32.9	20.01	5.36	52.79	5.68	3.79	25.58	11.39	16.67	36.43	4.16	3.07	50.39	4.38	2.88	9.92	16.22	9.19	6.34	7.25	53.4	30.39	61.43	4.65	5.69	14.92	7.31	13.46	54.88	5.98	3.88	22.71	51.13	21.59	9.27	6.7	6.48	0.4845	0.6892	0.0723	0.3167	0.07117	0.246	0.5674	1.1188	0.896	0.0762	0.2428	0.2203	0.0706	0.4139	0.3548	0.7679
Mustelidae	Galictis vittata	generalist	45.41	28.67	6.93	68.08	7.15	5.4	37.16	12.68	18.66	48.89	3.74	3.81	66.18	5.69	3.1	11.35	22.96	11.7	8.4	9.42	67.94	35.82	75.45	5.7	6.38	17.59	9.54	15.87	67.97	6.44	5.08	30.44	63.41	27.78	12.4	8.85	10.11	0.5458	0.7181	0.0795	0.276	0.05654	0.2082	0.509	0.9318	0.9003	0.0755	0.2328	0.2113	0.0747	0.4459	0.3564	0.815
Mustelidae	Gulo gulo	generalist	79.54	56.4	10.65	131.41	12.79	10.67	69.83	24.7	36.59	109.45	7.17	7.92	134.05	11.48	6.23	15.82	42.67	22.69	16.95	17.12	109.39	61.7	136.91	9.79	10.71	31.72	16.61	29.46	131.73	12.22	8.98	35.19	122.11	52.94	24.27	19.54	16.98	0.5314	0.8329	0.0807	0.2783	0.0527	0.1368	0.531	1.0043	0.9613	0.0714	0.2318	0.215	0.068	0.2692	0.3872	0.8959
Mustelidae	Ictonyx striatus	semifossorial	30.15	15.92	4.3	43.17	4.08	3.35	21.39	7.77	11.89	33.38	2.53	2.63	43.18	3.35	2	7.62	13.38	7.99	5.98	9.31	42.81	24.9	45.88	3.57	3.87	10.06	5.74	9.66	49.39	3.74	3.16	17.61	46.12	17.28	7.14	5.69	7.17	0.4955	0.7724	0.0776	0.2753	0.05632	0.2134	0.5966	1.4204	1.0762	0.0782	0.2185	0.2112	0.064	0.3555	0.3663	0.8044
Mustelidae	Lontra canadensis	semiaquatic	56.48	36.43	8.89	76.28	12.66	7.7	48.12	15.56	25.09	57.11	4.92	5.28	75.72	7.46	4.24	12.3	26.86	17.32	10.96	9.49	87.09	46.76	78.58	7.56	9.23	19.29	11.81	21.11	94.71	9.82	6.36	47.56	85.45	38.78	21.07	12.94	10.74	0.6308	0.7644	0.1003	0.3254	0.0668	0.1932	0.6442	0.8857	1.2027	0.096	0.2438	0.2676	0.0668	0.4973	0.4908	0.7924
Mustelidae	Lontra felina	semiaquatic	49.56	33.56	7.1	65.1	8.73	6.4	37.94	13.53	21.01	47.46	4.04	4.17	65.21	6.03	3.61	13.04	21.67	14.61	9.28	7.23	72.1	36.33	64.09	5.87	7.42	14.35	9.46	17.62	69.84	6.31	4.65	28.75	65.22	30.83	16.52	10.36	7.31	0.5829	0.73	0.0986	0.3234	0.06927	0.2501	0.6727	0.9886	1.0895	0.0916	0.2257	0.276	0.0669	0.4133	0.4777	0.8402
Mustelidae	Lutra lutra	semiaquatic	52.6	38.69	4.69	78.24	11.29	6.08	48.39	14.56	25.67	55.87	5.17	4.74	74.11	7.59	3.53	14.93	23.91	11.46			79.63	40.66	81.16	6.72	7.79	18.73	10.44	18.89	85.77	7.4	5.62	35.09	78.28	35.55	16.25			0.6185	0.7141	0.0777	0.3281	0.05965	0.2523	0.4793		1.0568	0.0828	0.2308	0.2328	0.0655	0.4091	0.438	0.8034
Mustelidae	Lutrogale perspicillata	semiaquatic				71.95	8.32	5.98	35.55	16.4	22.68	51	4.38	5.5	72.19	7.37	4.14	14.43	28.55	14.28	11		83.05	40.11	69.97	6.53	8.5	16.73	11.6	22.45	80.12	8.65	5.78	33.91	75.12	40.14	19.03	21.93		0.4941	0.7088	0.0831	0.3152	0.07168	0.2498	0.5002		1.1451	0.0933	0.2391	0.3209	0.0721	0.4232	0.5737	0.8192
Mustelidae	Martes americana	scansorial	35.02	20.93	4.91	61.34	5.02	4.21	27.08	9.08	12.9	46.37	2.67	2.91	56.61	4.37	2.32	6.64	16.48	13.09			48.77	26.88	68.14	4.29	4.74	11.7	6.29	12.09	71.74	5.03	3.89	20.77	68.24	29.33	14.45			0.4414	0.7554	0.0687	0.2104	0.0465	0.1326	0.5432		1.0525	0.063	0.1695	0.1776	0.0544	0.2901	0.4333	0.7702
Mustelidae	Martes flavigula	scansorial	60.18	38.09	8.43	102.89	9.27	7.6	56.81	15.45	22.44	79.86	4.43	5.43	96.97	8.78	3.95	12.6	32.59	19.85	15.64	13.05	84.63	45.68	113.38	8.07	8.13	21.75	12.23	22.2	115.31	8.5	6.5	31.05	107.13	42.87	19.6	16.59	10.92	0.5521	0.7761	0.0739	0.2182	0.04682	0.1495	0.6091	1.228	1.0169	0.0711	0.1917	0.196	0.0564	0.2688	0.3783	0.7991
Mustelidae	Martes pennanti	scansorial	52.49	35.92	8.71	92.36	7.78	6.32	45.06	14.24	21.53	72.78	4.41	4.09	88.22	6.53	3.95	11.68	27.63	16.24	15.82		77.29	44.5	101.86	6.93	7.33	20.65	10.21	18.33	106.44	7.15	5.98	27.31	98.63	40.39	17.78			0.4878	0.7881	0.0682	0.232	0.05163	0.1514	0.5986		1.0453	0.0679	0.2028	0.1794	0.056	0.2575	0.4085	0.7924
Mustelidae	Meles meles	semifossorial	77.75	44.17	9.63	98.25	12.87	10.78	63.02	19.65	31.14	80.36	7.41	6.06	105.69	12.44	5.52	21.53	26.54	11.47	10.79	18.87	108.6	61.37	113.28	9.9	9.36	25.43	14.67	24.93	95.41	10.88	7.94	42.97	90.29	29.41	12.09	9.25	11.25	0.6414	0.8204	0.1101	0.3184	0.06553	0.2557	0.4322	1.6773	0.8416	0.0876	0.2243	0.2203	0.0837	0.4508	0.274	0.856
Mustelidae	Mellivora capensis	semifossorial	83.1	54.68	15.73	123.46	13.61	10.71	66.56	28.14	39.97	103.29	7.71	7.4	135.95	11.03	8.11	25.94	32.37	17.9	15.2	32.27	110.23	64.99	131.78	10.96	12.05	31.32	17.65	31.43	111.84	12.62	8.83	44.48	106.77	35.81	15.14	12.08	18.29	0.5391	0.8369	0.0867	0.3236	0.07368	0.2358	0.5521	1.7644	0.8499	0.0833	0.238	0.2383	0.0789	0.3977	0.2726	0.9311
Mustelidae	Melogale moschata	scansorial	39.05	22.31	6.85	53.19	6.14	4.66	30.92	10.18	15.32	42.33	2.79	2.87	55.55	4.41	2.32	10.2	16.45	7.27	5.97	10.72	54.91	28.73	60.12	4.69	5.48	14.22	7	12.09	56.64	4.62	3.68	22.25	53.88	19.9	8.19	6.79	7.64	0.5813	0.7952	0.0877	0.2883	0.05105	0.2247	0.4429	1.4059	0.9434	0.0782	0.2377	0.2017	0.0648	0.3946	0.3328	0.8186
Mustelidae	Mustela erminea	generalist	16.16	9.92	2.47	28.09	2.43	1.83	12.62	3.72	5.63	18.85	1.35	1.23	23.92	1.99	0.88	2.64	9.55	6.15	4.79	3.17	22.77	13.12	29.46	2.06	2.17	4.82	2.9	5.26	32.09	2.23	1.71	8.94	29.43	14.29	6.82	4.99	3.6	0.4493	0.6706	0.0653	0.1998	0.04145	0.1243	0.6467	0.886	1.0903	0.0698	0.1647	0.1777	0.0532	0.279	0.4865	0.7625
Mustelidae	Mustela frenata	generalist	21.56	13.36	3.23	34.88	3.21	2.45	16.72	5.19	7.97	23.41	1.75	1.6	30.12	2.58	1.44	3.76	10.78	7.33	5.12	4.2	29.57	17.37	36.41	2.63	2.99	7.19	3.79	7.01	38.96	3.04	2.1	11.03	35.48	15.65	7.82	5.68	4.33	0.4795	0.6717	0.0701	0.2286	0.05475	0.1434	0.6803	0.9626	1.0731	0.0718	0.1925	0.1927	0.0539	0.2842	0.4304	0.7739
Mustelidae	Mustela putorius	generalist	33.15	20.16	4.37	47.05	4.15	3.59	22.27	7.94	12.03	35.07	2.11	2.93	45.93	3.68	1.96	7.09	14.02	9.61	6.36	6.57	44.92	26.45	54.17	4.15	3.91	12.76	6.03	10.83	58.54	4.07	3.41	19.38	53.59	17.18	8.6	7.68	6.23	0.4734	0.7453	0.0762	0.2556	0.05033	0.1827	0.6839	1.2729	1.0806	0.0767	0.2361	0.1997	0.0583	0.3311	0.3745	0.7294
Mustelidae	Neovison vison	semiaquatic	31.29	20.15	3.84	49.31	5.3	3.79	22.37	6.39	12.74	33.55	2.76	2.63	44.27	4.18	2.11	6.05	16.76	10.09	7.27	5.56	45.8	25.15	51.76	4.1	4.67	10.92	6.17	11.05	56.08	4.71	3.64	17.47	51.1	22.7	10.65	8.2	6.13	0.4536	0.6814	0.077	0.2579	0.05532	0.1576	0.573	0.9033	1.0846	0.0794	0.2097	0.2132	0.0649	0.312	0.4395	0.7687
Mustelidae	Pteronura brasiliensis	semiaquatic	84.02	57.14	12.4	100.97	17.36	14.49	63.65	23.2	36.82	76.29	9.26	8.69	104.38	13.1	6.96	29.89	41.09	26.23	19.44		134.09	65.95	96.22	11.44	16.64	23.59	17	33.01	114.52	14.48	10.38	54.89	108.21	57.89	33.04	23.11		0.6304	0.7556	0.1435	0.3647	0.09344	0.4013	0.6384		1.1902	0.1189	0.2452	0.3431	0.0906	0.4793	0.6016	0.8411
Mustelidae	Taxidea taxus	semifossorial	61.12	38.81	10.3	97.17	11.68	9.02	55.46	17.79	31.43	78.83	5.95	6.35	105.16	9.93	5.69	21.46	23.97	16.63	14.18	27.35	75.93	45.57	95.99	7.41	8.59	22.23	12.62	22	80.26	9.53	6.31	39.85	71.54	28.02	14.45	11.08	11.65	0.5708	0.807	0.0928	0.3235	0.06793	0.2553	0.6948	2.3612	0.8315	0.0771	0.2314	0.2291	0.0783	0.4975	0.2925	0.9989
Nandiniidae	Nandinia binotata	arboreal	48.02	29.07	8.54	78.8	7.31	6.14	41.79	11.06	18.83	60.01	3.05	5	75.26	7.74	2.72	10.63	16.38	13.28	9.23	11.9	68.17	35.96	90.14	7.17	7.29	19.58	8.64	16.94	87.92	6.58	5.22	28.23	80.39	23.91	18.04	9.64	11.83	0.5303	0.7642	0.0779	0.2389	0.04213	0.1672	0.8078	1.0059	0.9754	0.0793	0.2171	0.188	0.0593	0.3208	0.2577	0.7797
Prionodonidae	Prionodon linsang	arboreal	38.96	23.74	5.87	57.05	4.75	4.07	24.62	7.54	10.71	45.63	2.41	2.76	55.58	4.64	2.1	5.9	16.29	8.59	6.65	2.61	45.02	24.51	65.7	4.63	5.39	14.28	5.58	11.02	65.67	4.46	3.93	18.68		26.6	9.38			0.4316	0.7995	0.0712	0.1877	0.04217	0.1186	0.5571		0.9993	0.0705	0.217	0.1676	0.0598	0.2827	0.4047	0.7816
Procyonidae	Bassariscus astutus	arboreal	38.88	22.47	6.07	61.84	5.25	4.3	31.97	8.85	11.83	50.1	2.47	3.09	60.31	4.05	2.35	6.56	15.35	9.15	7.97	6.76	50.71	28.34	67.17	4.66	5.53	12.49	6.7	12.05	67.49	5.09	3.98	20.09	63.4	25.89	10.78	7.95	7.93	0.517	0.8106	0.0695	0.1912	0.04372	0.1218	0.5949	0.8484	1.005	0.0693	0.186	0.1794	0.059	0.2979	0.3804	0.8313
Procyonidae	Nasua narica	scansorial	63.83	38.93	7.77	91.68	10.95	8.12	55.45	11.42	25.96	81.42	4.37	7.14	99.64	9.91	4.36	12.55	24.36	12.53	10.39		93.64	50.38	113.29	7.8	9.8	22.04	12.09	21.62	106.16	8.62	6.96	35.04	101.38	31.84	13.39	10.04		0.6048	0.8871	0.0887	0.2829	0.05006	0.1445	0.517		0.9372	0.0689	0.1944	0.1907	0.0656	0.33	0.2807	0.7883
Procyonidae	Potos flavus	arboreal	54.29	36.73	6.97	99.9	11.54	8.11	55.27	13.29	25.01	76.84	4.42	6.11	93.09	7.76	4.71	9.3	25.51	16.78	9.45		81.61	48.71	101.79	8.16	9.39	20.9	11.19	20.04	101.86	8.34	6.54	35.79	95.06	35.14	28.96			0.5532	0.7727	0.0809	0.2513	0.05624	0.111	0.6599		1.0014	0.0801	0.2053	0.1968	0.0641	0.3531	0.3376	0.8671
Procyonidae	Procyon cancrivorus	scansorial	71.62	41.65	9.46	105.13	9.9	7.19	48.31	16.16	20.93	100.41	5.31	5.52	121.85	6.8	4.4	13.06	34.61	17.23	10.83	10.41	105.5	58.97	125.29	9.01	10.04	26.86	14	24.88	121.6	9.55	7.96	42.64	116.99	46.19	18.66	10.94	10.98	0.4595	0.9566	0.0685	0.1997	0.0404	0.12	0.4978	0.9481	0.9704	0.072	0.2146	0.1986	0.0654	0.3503	0.3751	0.8326
Procyonidae	Procyon lotor	scansorial	71.43	43.29	6.6	107.28	10.56	7.79	52.41	10.87	22.99	106.05	4.8	5.64	123.63	6.71	4.41	10.32	31.88	14.99	10.78	11.21	95.29	56.12	122.74	8.84	9.88	23.17	13.31	23.31	126.98	8.34	7.41	36.44	120.32	39.12	15.34	10.47	11.82	0.4885	0.9802	0.0726	0.2142	0.03896	0.091	0.4667	0.9555	1.0343	0.072	0.1892	0.1898	0.0582	0.2871	0.3191	0.8549
Ursidae	Ailuropoda melanoleuca	generalist	181.04	142.51	34.23	270.57	31.18	23.79	184.55	48.54	76.24	208.48	15.32	18.04	252.72	25.07	17.22	41.93	47.17	41.42	34.03		267.52	161.51	279.11	22.73	27.45	68.6	37.95	62.13	212.61	22.77	19.92	57.1	188.71	48	31.53	21.3		0.6821	0.7707	0.0879	0.2818	0.08171	0.1988	0.683		0.7623	0.0815	0.2459	0.2229	0.0937	0.2682	0.173	0.9756
Ursidae	Helarctos malayanus	scansorial	119.06	105.02	32.69	200.06	19.89	17.43	112.97	42.84	63.5	174.75	9.41	15.35	204.75	19.64	10.5	34.03	42.06	27.58	22.57		167.6	90.7	217.3	16.4	18.71	48.97	26.57	44.51	160.74	14.77	13.78	59.81	124.71	42.43	24.48	18.48		0.5647	0.8755	0.0871	0.3188	0.06148	0.198	0.6625		0.7415	0.0758	0.2245	0.2063	0.086	0.3715	0.1957	0.9922
Ursidae	Melursus ursinus	generalist	182.93	158.73	39.32	245.76	28.64	23.75	156.87	49.75	76.59	215.96	13.94	19.9	246.08	29.93	16.28	43.68	53	31.92	23.16	46.07	230.35	124.48	292.96	21.57	26.23	69.19	35.48	60.29	210.3	22.79	19.37	81.69	194.65	48.49	31.43	19.3	31.73	0.6383	0.8796	0.0957	0.3113	0.08041	0.2159	0.6009	1.4497	0.7215	0.0732	0.236	0.2063	0.0913	0.388	0.1668	0.9178
Ursidae	Tremarctos ornatus	scansorial	156.82	120.24	31.89	241.02	24.33	20.36	152.69	44.14	68.62	204.59	11.55	16.97	238.41	22.41	12.68	35.32	54.96	33.89	23.01	34.26	219.44	123.94	272.3	19	21.92	69.23	31.04	54.63	215.88	22.17	15.91	77.46	126.89	52.91	33.19	20.17	28.72	0.6335	0.8516	0.084	0.2833	0.06242	0.1716	0.613	1.2023	0.7971	0.0694	0.2533	0.2009	0.0731	0.3599	0.1956	0.9109
Ursidae	Ursus americanus	scansorial	191.62	160.73	38.18	293.89	30.34	30.48	203.48	55.06	80.35	260.32	15.53	20.48	294.41	25.22	18.16	39.3	67.88	37.82	25.54	34.58	246.73	139.17	334.51	24.11	28.73	75.17	36.34	64.76	256.68	28.64	21.55	89.2	229.7	67.32	35.41	25.74	31.62	0.6924	0.886	0.1033	0.2734	0.0712	0.1539	0.5581	1.1252	0.768	0.0722	0.2249	0.1938	0.0837	0.348	0.2011	0.9372
Ursidae	Ursus arctos	generalist	215.77	187.52	40.39	330.65	37.48	36.1	226.86	70.41	99.12	277.55	16.91	27.42	316.63	33.41	19.04	48.55	76.76	42.09	28.41	45.04	315.87	168.04	386.06	28.8	34.34	88.45	45.1	81.01	290.4	35.59	25.84	124.66	253.14	77.29	41.95	29.41	32.66	0.6861	0.8984	0.1081	0.2997	0.071	0.1807	0.5483	1.3559	0.7572	0.0747	0.2286	0.21	0.0884	0.4212	0.2141	0.9167
Ursidae	Ursus maritimus	semiaquatic	234.27	209.1	49.56	371.37	45.53	36.56	253.92	81.13	118.57	316.19	18.98	32.38	375.41	45.26	22.94	61.45	89.55	44.14	30.5	35.99	358.93	186.58	438.39	31.04	37.9	121.44	54.48	93.42	325.86	38.94	25.66	136.62	306.19	98.2	45.4	32.44	35.98	0.6838	0.8513	0.0982	0.3176	0.07307	0.1956	0.4919	1.0003	0.7438	0.0709	0.2717	0.2129	0.0788	0.4137	0.2434	0.9012
Ursidae	Ursus thibetanus	scansorial	164.63	145.1	41.41	272.05	28.2	25.53	168.25	51.8	75.99	231.61	13.41	20.19	271.22	28.37	16.47	44.96	59.06	33.33	24.15	40.67	249.02	141.52	303.68	22.77	26.14	63.89	35.73	62.29	229.14	23.63	18.25	75.93	204.64	57.63	35.59	25.39	36.57	0.6184	0.8512	0.0936	0.279	0.07278	0.199	0.5653	1.1121	0.7559	0.0748	0.2102	0.2049	0.0798	0.3281	0.183	0.9464
Viverridae	Arctictis binturong	arboreal	82	64.77	8.39	146.81	14.31	12.62	79.61	22.73	36.86	118.43	6.24	8.89	142.99	11.98	6.86	19	33.89	22.07	14.42	15.95	123.36	66.9	149.29	11.69	13.09	32.91	18.19	29.88	138.16	12.92	9.62	50.15	125.19	39.24	22.56	14.61	16.12	0.5423	0.8062	0.0858	0.2508	0.05529	0.1529	0.6381	0.9895	0.9253	0.078	0.2187	0.2003	0.0693	0.3637	0.2625	0.9229
Viverridae	Civettictis civetta	generalist	87.08	43.89	8.7	109.72	10.9	9.84	56.97	17.81	27.82	103.72	6.41	7.65	126.23	11.47	5.25	20.41	41.38	15.41	9.8	7.93	110.02	60.83	130.57	10.44	10.24	37.02	13.09	25.62	125.2	9.99	8.92	39.09	115.49	49.22	13.63			0.5193	0.9463	0.0899	0.2528	0.04956	0.1919	0.3714		0.958	0.0797	0.2832	0.1959	0.0711	0.3119	0.3762	0.8334
Viverridae	Cynogale bennettii	semiaquatic	67.66	41.68	9.04	89.98	9.53	6.84	47.16	14.94	23.3	74.86	4.21	5.61	92.36	8.04	3.92	15.02	32.64	15.26	10.43	7.77	81.69	45.02	98.72	7.13	8.51	24.22	10.51	19.35	98.49	7.14	6.11	31.31	90.24	35.82	15.17	9.99	8.6	0.5241	0.832	0.076	0.2589	0.05069	0.1942	0.4738	0.8992	0.9977	0.0722	0.2452	0.1961	0.062	0.3178	0.3627	0.836
Viverridae	Genetta genetta	scansorial	44.47	27.94	6.28	68.53	5.56	4.55	34.19	9.64	13.99	60.17	2.65	3.32	71.85	6.2	2.49	8.55	18.21	9.58	7.65	5.77	56.9	30.48	76.12	5.46	5.84	13.36	7.1	14.5	83.27	5.91	4.69	20.9	55.97	22.56	11.41	8.56	4.42	0.4989	0.8791	0.0665	0.2045	0.03934	0.1351	0.5259	1.3054	1.0952	0.0718	0.1759	0.1913	0.0563	0.2509	0.303	0.8078
Viverridae	Hemigalus derbyanus	generalist	58.38	36.63	8.88	82.27	8.31	6.08	37.83	11.86	17.6	71.5	3.71	4.6	86.07	7.6	3.19	11.15	20.41	12.25	7.8	6.69	71.09	37.16	92.84	6.98	8.17	21.56	9.5	16.18	92.37	6.73	6.26	26.8	88.42	29.62	12.22	8.37	8.29	0.4598	0.8697	0.0737	0.2143	0.04258	0.1488	0.5998	0.7334	0.9949	0.0751	0.2321	0.1743	0.0676	0.2898	0.319	0.8301
Viverridae	Paguma larvata	arboreal	64.01	41.92	9.01	95.62	9.55	7.36	41.51	15.68	23.85	78.3	4.24	5.24	97.15	8.39	4.25	14.22	24.93	14.79	9.81	9.18	82.84	45.77	107.82	7.58	9.23	20.94	11.44	19.64	101.71	7.94	6.28	32.79	92.12	32.04	14.88	10.56	7.67	0.4341	0.8192	0.077	0.2497	0.05129	0.1715	0.5936	1.3681	0.9308	0.0703	0.196	0.1821	0.0617	0.3223	0.2972	0.8312
Viverridae	Paradoxurus hemaphroditus	arboreal	52.14	35.28	8.85	78.25	8.11	6.12	39.17	11.65	18.34	62.64	3.68	4.39	75.38	7.36	3.54	10.89	17.85	10.77	8.6	7.18	67.87	38.39	82.74	6.41	6.54	23.26	8.52	16.01	79.66	5.83	5.09	23.5	69.75	25.11	12.39	8.56	7.22	0.5005	0.8004	0.0785	0.2338	0.05489	0.1685	0.6051	0.9809	0.9624	0.0777	0.2804	0.1935	0.064	0.2937	0.3036	0.8676
Viverridae	Viverra tangalunga	generalist	67.99	40.03	9.24	90.55	7.8	6.19	42.63	12.8	19	80.05	4.18	5.09	95.88	8.09	3.98	14.04	30.03	13	8.49	7.05	84.57	46.46	104.59	7.98	7.61	23.67	9.71	17.86	104.41	7.57	6.32	29.3	96.59	41.1	13.61	9.75	8.49	0.4708	0.8843	0.0683	0.2098	0.04863	0.1716	0.4321		0.9984	0.0763	0.2259	0.1705	0.0606	0.2803	0.3928	0.8165
Viverridae	Viverra zibetha	generalist	67.06	43.37	7.5	92.77	9.05	7.6	39.22	15.35	21.91	77.62	4.68	4.87	96.22	8.38	4.56	14.95	26.97	14.91	9.5	8.25	82.39	38.55	108.81	7.66	8.53	19.63	11.24	20.38	102.84	7.95	7.31	29.46	93.39	37.77	16.01	10.44	9.77	0.4227	0.828	0.0819	0.2379	0.05611	0.1775	0.581	0.8219	0.9482	0.071	0.1692	0.1882	0.0704	0.291	0.3384	0.8076
Viverridae	Viverricula indica	generalist	42.04	26.14	3.73	67.51	5.9	4.7	22.78	9.04	13.38	51.7	2.85	3.07	66.2	5.09	3.11	10.06	22.7	9.21	5.74	5.01	57.58	29.19	79.81	5.22	6.45	17.22	7.39	14.69	78.32	5.13	4.85	25.38	74.41	34.43	11.09	8.01	6.76	0.3375	0.8174	0.0701	0.2029	0.05533	0.1793	0.4423	0.7411	1.0244	0.0662	0.2165	0.1862	0.0627	0.3277	0.4568	0.7883
xAmphicyonidae	Daphoenus vetus				16.8	162.25	18.86	11.93	93.5		35.96	124.72	8.41	11.4	149.74	17.29	7.07	30	41	24.56			147.62	74.17	184	11		17.6		36.4	167			59.3		53.7				0.5763	0.769	0.084	0.222		0.202	0.537		0.878	0.06	0.096	0.1976	0.084	0.355	0.292	0.823
xBarbourofelida	Barbourofelis loveorum					274.95		23.65		45.75	73	201.71		23.9	244.48			47.88	63.7	40.83	28.27										275.86	33.56	23.73	50.92								0.086	0.2655		0.2435	0.641						0.086	0.1846		
xCanidae	Archaeocyon leptodus					82.15		6.72	45.35	12.47	17.79	72.54	4.6	4.71	88.63	5.08		11.12	25.47	11.55					98.44		7.8	9.87	8.71	16.8	101.76		7.04	29.83	98.86	39.1	13.38			0.552	0.883	0.0818	0.217		0.143	0.453		1.034	0.079	0.1	0.171	0.069	0.293	0.397	0.773
xCanidae	Canis armbrusteri					191.69	18.99	16.84	85.48	29.73	43.7	183.02	9.81	15.11	219.63	16.35	9.83	33.17	86.91	32.17	21.85	19.29			223.92	16.68	16.18	43.98	23.74	39.8	222.36	22.61	21.69	61.58		95.38	47.82	24.98	36.1	0.4283	0.955	0.0844	0.2189	0.05269	0.1779	0.3701	0.5343	0.993	0.0745	0.1964	0.1777	0.0809	0.2298	0.4259	0.84
xCanidae	Canis dirus		157.09	101.08	15.97	207.04	25.26	18.34	94.35	35.35	49.4	223.07	14.47	20.41	239.16	15.31	12.67	32.15	88.23	32.12			189.86	117.7	240.66	19.84	19.76	42.06	26.54	48.46	238.89	21.36	20.68	48.19	217.04	93.19	35.87	24.09		0.4557	1.0774	0.0886	0.2386	0.06122	0.1553	0.365		0.9926	0.0825	0.1748	0.2014	0.0866	0.2017	0.3872	0.8969
xCanidae	Canis latrans orcutti		108.26	66.26	10.12	169.81	16.02	12.29	73.76	23.3	32.02	182.72	8.96	13.93	194.47	7.69	7.02	20.05	63.64				121.83	75.6	174.7	11.86	12.83	26.42	16.07	28.3	195.03	13.15	12.84	36.67	162.16	85.76	29.42			0.4344	1.076	0.0724	0.1885	0.04025	0.115			1.1163	0.0679	0.1513	0.162	0.0658	0.188	0.4909	0.9535
xCanidae	Canis lupus (Pleistocene)		134.08	82.26	20.38	197.32	19.1	15.22	85.26	27.27	40.32	192.68	12.06	15.94	236.53	19.27	10.56	36.78	85.46				158.95	99.23	215.74	15.83	15.75	51.75	23.36	39.13	218.62	16.38	15.98	46.52		90.88				0.4321	0.9765	0.0771	0.2044	0.05286	0.1841			1.0134	0.0734	0.2399	0.1814	0.0731	0.2128	0.4212	0.8979
xCanidae	Desmocyon thomsoni					104	12.6	8.45		16.55	23.1	91.4	6.7		116.75	9.1	6.75	16.5	34.8	16.85		10.65			119.95	11.5	11.95	22.9		23.4	120.55	12.2	9.9	46.1		45.95			11.4		0.879	0.081	0.222	0.067	0.165	0.484		1.005	0.096	0.191	0.195	0.082	0.382	0.383	0.812
xCanidae	Hesperocyon gregarius		52.43	31.72		77.7	7.42	5.32	44.09	11.58	16.91	61.75	3.19	4.52	76.71	6.85	3.07	9.99	22.83						84.8	5.6	6.6	15.2		13.5	84.4	6.9	4.9	24.3		33.7	13.12			0.5674	0.7947	0.0685	0.2176	0.04601	0.1497			0.995	0.066	0.2325	0.1783	0.058	0.288	0.397	0.824
xCanidae	Mesocyon coryphaeus		79.38			132.47	18.12	12.8	61.27	22.41	29.4	108.16	10.49	7.52	139.24	10.14	9.12	22.86	37.32	18.04			124.09	68.71	131.49	12.75	14.71	18.06	14.22	29.6	135.73	13.7		48	132.4	49.1				0.4625	0.816	0.1057	0.2453	0.0728	0.196	0.4834		1.0322	0.0969	0.1373	0.2251	0.1	0.3536	0.3734	0.9004
xCanidae	Paraenhydrocyon josephi					107.87	10.21	12.12	56.86	19.19	31.52	87.71	8.54	8.12	110.69	4.37	11.57	18.3	30.57	16.81	11.67	12.13																		0.5271	0.813	0.1124	0.2922	0.0473	0.1981	0.3817									
xCanidae	Phlaocyon leucosteus					76.44		6.33	40.15	12.91	18.02	59.02		4.7	76.96		5.18	8.23	22.87	9.74	8.01	5.76			86.9		7.11	7.55	9.51	17.84	81.07		5.23	28.07	77.25	39.1		5.41	6.68	0.525	0.773	0.0828	0.236	0.07537	0.1197	0.4259	0.862	0.933	0.0818	0.0869	0.205	0.0645	0.346	0.45	0.806
xCanidae	Urocyon cinereoargenteus					102.58	8.95	7.03	45.35	13.24	17.71	87.11	4.36	6.27	84.26	5.97	3.62	9.81	37.84				69.76	40.67	110.38	6.9	8.4	14.79	10.3	19.1	116.41	8.29	7.51	20.97		51.7	18.08	10.43		0.4421	0.8492	0.0685	0.1726	0.04856	0.1318			1.0547	0.0625	0.134	0.173	0.0645	0.1802	0.4684	0.8364
xCanidae	Vulpes macrotis (Pleistocene)		54.74	30.74	8.89	92.46	6.68	5.78	33.32	9.12	14.53	90.37	3.18	6.43	104.49	6.49	3.08	12.08					58.26	35.52	95.27	5.76	6.3	19.35	8.55	14.52	107.91	6.19	6.1	18.47						0.3604	0.9775	0.0625	0.1572	0.03336	0.1307			1.1327	0.0605	0.2031	0.1524	0.0566	0.1711		0.8999
xCanidae	Vulpes vulpes (Pleistocene)		76.93	44.54	10.7	128.46	9.01	7.54	50.43	12.89	20.42	126.18	4.84	8.56	145.82	9.16	4.15	17.4					85.56	46.09	133.09	7.32	8.47	28.17	11.7	19.58	150.51	8.48	8.51	26.15						0.3926	0.9823	0.0587	0.159	0.03229	0.1355			1.1309	0.055	0.2116	0.1471	0.0565	0.1737		0.8979
xFelidae	Homotherium ischyrus			153.73	38.84	329.73	44.13	25.81	142.34	57.81	80.17	299.72	21.31	27.78	365.6	36.31	20.87	58.43					270.9	136.07	385.42	28.04	30.34	60.36	41.74	73.87	319.57	29.72	26.53	61.31		123.23	45.36			0.4317	0.909	0.0783	0.2431	0.06794	0.1902			0.8291	0.0728	0.1566	0.1917	0.083	0.1919	0.3197	0.8928
xFelidae	Homotherium serum					290.08	42.64	29.22	146.38	57.37	87.13	318.94	20.7	25.53				9.95	69.54	17.47		28.24	54	25.39	333.77	17.05	14.24	29.74	22.95	40.57	242.3	20.27	17.05	60.99						0.5046	1.0995	0.1007	0.3003			0.2512		0.7259	0.0511	0.0891	0.1216	0.0704	0.2517		1.0572
xFelidae	Leopardus wiedii (Pleistocene)					89.14	7.55	6.49	32.78	12.12	16.62	87.44	5.35	3.64	101.56	6.21	3.98	10.71							96.96	7.81	7.89	15.8	8.62	16.22	104.72	7.28	6.22	29.07						0.3677	0.9809	0.0728	0.1864	0.04381	0.1179			1.0801	0.0806	0.163	0.1672	0.0593	0.2776		0.8756
xFelidae	Lynx rufus (Pleistocene)		84.82	49.33	13.9	150.69	12.79	10.83	50.39	19.29	27.43	135.91	9.08	5.25	150.25	11.16	5.29	21.75	50.97	24.77	18.7	11.54	116.68	62.34	171.34	10.48	12.72	23.85	14.11	26.59	174.32	12.95	10.82	52.51		74.42	22.95			0.3344	0.9019	0.0719	0.182	0.04117	0.1693	0.486		1.0174	0.0612	0.1392	0.1552	0.0621	0.3012	0.4343	0.8291
xFelidae	Miracinonyx inexpectatus		184.29	141.38	31.4	281.08	31.17	21.54	112.02	39.73	60.44	247.77	13.75	21.44					105.13	41.96	24.4	20.03	247.76	126.36	337.53	26.69	27.78	42.86	30.95	60.06		28.97	25.73	66.4	292.5	129.96	39.36	32.66	24.71	0.3985	0.8815	0.0766	0.215			0.3991	0.8106		0.0791	0.127	0.1779			0.385	
xFelidae	Panthera atrox		256.39	179.34	19.59	352.96	56.16	35.65	220.17	70.63	94.32	332.56	22.93	37.61	399.63	39.38	22.55	55.34	128.57	63.51	49.33	37.19	350.27	187.39	415.72	33.54	37.7	70.54	45.69	86.63	356.08	43.72	35.29	133.42	340.41	147.71	60.74	45.83	38.06	0.6238	0.9422	0.101	0.2672	0.06549	0.1607	0.494	0.9771	0.8565	0.0807	0.1697	0.2084	0.0991	0.3747	0.3553	0.8882
xFelidae	Puma concolor (Pleistocene)		133.18	75.51	18.52	233.03	26.17	18.81	117.48	36.1	52.76	212.16	18.91	12.15	247.25	21.3	11.44	39.49	90.02	43.1	31.26	19.19	192.28	100.75	287.55	20.88	23.35	47.83	27.17	50.05	255.65	22.73	22.13	72.91		109.18	43.28	31.1	24.1	0.5041	0.9105	0.0807	0.2264	0.05508	0.1901	0.4787	0.7963	0.8891	0.0726	0.1663	0.1741	0.0866	0.2852	0.3797	0.8196
xFelidae	Puma lacustris											170.64	8.2	13.62	205.83	21.42	8.47	30.86	64.37	33.46	23.57	16.8														84.82	32.84	23.22	19.44					0.04841	0.1764	0.5198	0.8642								
xFelidae	Smilodon fatalis		244.13	176.47	17.25	329.76	49.53	41.93	236.24	70.63	108.8	262.05	20.97	31.14	330.42	39.59	26.4	57.83	97	50.9	37.15	32.29	312.01	174.48	352.08	30.2	33.49	78.43	41.36	70.55	276.78	36.94	30.17	59.23	256.88	99.08	45.86	32.72	27.52	0.7164	0.7947	0.1271	0.3299	0.09685	0.2122	0.5247	1.1731	0.7861	0.0858	0.2228	0.2004	0.109	0.214	0.2814	0.9411
xMiacidae	Miacis gracilis		29.75			76.95	8.05	4.45	40.1	12.3	17.55	62.15	3.6		79.35	5.5	3.05	11.25	25.2						93.55	7.9	8.05	9.45		14.6	93.7	7.7	5.25	41.1		38.3	15.45	11.95	7.85	0.521	0.808	0.058	0.228	0.045	0.165			1.002	0.084	0.101	0.156	0.056	0.439	0.409	0.743
xMephitidae	Mephitis mephitis (Pleistocene)		42.28	25.19	5.65	57.58	6.71	4.65	23.89	9.13	14.89	49.24	2.79	3.6	60.41	4.31	2.7	8.31	16.67				54.43	33.02	65.68	5.35	5.8	15.77	9.16	13.49	70.97	5.21	3.96	20.58		20.11				0.4149	0.8552	0.0808	0.2586	0.05172	0.1594			1.0804	0.0814	0.2401	0.2054	0.0558	0.29	0.3062	0.7817
xMephitidae	Spilogale gracilis (Pleistocene)		25.89	15.96	3.52	41.97	4.95	3.61	18.15	8.21	12.56	30.13	1.53	2.16	42.18	3.63	2.04	5.39							43.5	3.48	3.58	11.32	6.21	8.53	37.96	2.69	2.42	12.15		18.43				0.4325	0.718	0.086	0.2993	0.05545	0.1465			0.8726	0.08	0.2602	0.1961	0.0638	0.3201	0.4237	0.8852
xMephitidae	Spilogale putorius (Pleistocene)					36.09	3.84	2.99	17.19	7.03	10.1																													0.4763		0.0828	0.2798												
xMustelidae	Gulo gulo (Pleistocene)		80.41	51.89	13.59	132.91	12.86	9.72	72.53	23.39	35.66	106.16	7.07	7.82	130.8	13.65	6.13	17.54					97.31	56.61	129.78	9.64	10.39	29.88	15.87	27.74	135.51	11.69	8.86	34.03						0.5457	0.7987	0.0731	0.2683	0.05411	0.1549			1.0442	0.0743	0.2302	0.2138	0.0654	0.2511		0.9012
xMustelidae	Martes americana (Pleistocene)		30.35	18.04	9.32	65.98	5.44	4.63	28.67	9.57	14.48				64.87	6.13	3.05	7.71																						0.4345		0.0701	0.2195	0.05336	0.1349										
xMustelidae	Martes nobilis (Pleistocene)		38.99	25.35	6.68	68.22	5.72	4.86	33.09	9.98	15	52.13	2.91	3.63	62.36	5.72	2.72	7.71					53.4	29.51	73.64	4.96	5.02	13.75	7.28	13.41	77.09	4.97	4.51	21.94						0.4851	0.7642	0.0712	0.2199	0.04977	0.141			1.0469	0.0673	0.1867	0.182	0.0585	0.2846		0.7984
xMustelidae	Mustela nigripes (Pleistocene)					47.42	4.68	3.47	20.99	7.21	12.32												38.33	21.81	43.34	3.11	3.81	11.02	5.81	9.59										0.4426		0.0732	0.2598						0.0718	0.2543	0.2213				
xMustelidae	Neovison frenata (Pleistocene)		20.2	11.55	2.45	32.89	2.89	2.27	12.56	4.91	6.82				28.82	2.87	1.32	3.81					25.6	14.53	34.5	2.46	2.7	6.23	3.71	6.65	35.64	2.67	2.09	10.37						0.3819		0.0691	0.2074	0.05259	0.1524			1.0329	0.0713	0.1805	0.1927	0.0586	0.2911		
xMustelidae	Neovison vison (Pleistocene)					40.99	4	3.26	18.95	6.98	10.63				39.56	4.08	2.32	6.18					42.03	22.77																0.4622		0.0795	0.2592	0.06934	0.185										
xMustelidae	Satherium piscinarium					96.74	13.41	10.01	53.21	22.25	31.79	71.79	7.69	7.3	103.6	11.86	7.09	20.37	38.28	24.19					100.38	11.32	12.77	22.99	15.73	32.2	112.54	13.07	9.19	51.04		57.73	27.73	18.28	13.23	0.5501	0.7421	0.1035	0.3286	0.08519	0.2447	0.6319		1.1211	0.1128	0.229	0.3208	0.0817	0.4535	0.5751	0.7915
xMustelidae	Taxidea taxus (Pleistocene)		65.58	37.73	13.08	103.87	12.1	9.97	61.26	17.83	32.54	84.18	5.59	8.37	114.88	10.83	6.39	26.53	26.03	16.92		26.34	92.8	46.59	105.95	8.2	9.4	22.97	14.32	23.63	85	9.68	6.79	43.18	61.54	30.02	18.55	14.34	22.6	0.5898	0.8104	0.0959	0.3132	0.07237	0.3003	0.6498	1.1654	0.8023	0.0774	0.2168	0.223	0.0799	0.508	0.2833	0.9848
xNimravidae	Dinictis felina 		143.67	87.45	22.97	182.5	27.19	14.48	113.03	30.87	45.42	142.16		12.46	174.94			26.98	36.57	25.03	20.66		157.02	81.07	182.52	14.95	15.3	48.89	16.82	31.77	185.4	18.29	11.99	54.54		71.44				0.6193	0.6193	0.0794	0.2489		0.1823	0.6846		1.0158	0.0819	0.2679	0.1741	0.0646	0.2942	0.257	0.8824
xNimravidae	Dinictis major						18.99	15.95		32.77	45.14	164.71	8.21	15.29		23.01	9.91	32.51							235.73	15.17	21.34	46.67	21.25	41.32	181.23	20.89	14.77	56.93		71.44												0.7688	0.0644	0.198	0.1753	0.0815	0.3141	0.3031	
xNimravidae	Hoplophoneus primaevus					172.81	23.2	14.05	102.7	31.46	48.6	129.23	8.23	12	166.34	19.83	8.84	32.85	37.38	24.3	21.91	18.47	168.32	88.28	184.95	13.9	16.29	59.01	19.92	37.43	154.51	19.4	10.34	60.23		47.54	23.86			0.5943	0.7478	0.0813	0.2812	0.06619	0.2461	0.6503		0.8354	0.0751	0.3191	0.2024	0.0669	0.3898	0.257	0.8898
xNimravidae	Nimravus brachyops					208.76	37.45	18.26	129.23	35.25	48.94	178.8		20.47	241.01	21.84		43.54	62.41	31.71		17.45			201.39	13.94	20.17				201.16	22.2	14.08	93.65		78.87				0.619	0.8565	0.0875	0.2344	0.557	0.2205	0.5081		0.9989	0.0692	0.198	0.1753	0.07	0.4655	0.3916	
xUrsidae	Agriotherium africanum											374.5			416	43.81	35.64	32.85	117.52						425	28.1	30.75	84.19	46.8	74.13	378	44.81	32.81	189.49		109.25	45	28.27	38.5					0.09302	0.086			0.889	0.066	0.198	0.174	0.087	0.501	0.257	
xUrsidae	Arctodus simus		328.38	247.27	60.61	487.5	62.11	51.53	270.75	114.76	155.51	414	33.25	23.03	460.7	41.86	23.64	58.76		51.44	33.72	38.96	375	181.37	570.1	40.15	45.04		64.49	133.55	400.4	43.61	37.87	117.09		121.3	50.37	34.35		0.5554	0.8492	0.1057	0.319	0.05881	0.1462			0.7023	0.0704		0.2343	0.0946	0.2924	0.2128	0.9289
xUrsidae	Ursus arctos (Pleistocene)		218.59	146.2	45.38	291.5	31.82	27.76	196.23	60.66	88.01	257.95	14.33	26.39	292.42	33.88	16.28	47.81	73.77	38.01	32.21	53.51			367.38	24.7	27.43	80.48	42.01	70.18	261.24	32.07	21.97	77.64		73.56	42.98	32.93	41.97	0.6732	0.8849	0.0952	0.3019	0.06655	0.1955	0.5152	1.2748	0.7111	0.0672	0.2191	0.191	0.0841	0.2972	0.2002	0.874
